:		-	-	-	-	-	-	-	-	-	-	-	-	-	-	-	-	-	-	
Black	Dot	champion	sum_total	win_total	lose_total	winrate_total	pick_rate	sum_blue_side	win_blue_side	lose_blue_side	winrate_blue_side	sum_red_side	win_red_side	lose_red_side	winrate_red_side	sum_bans	ban_rate	sum_pick_ban	pick_ban_rate	
Black	Dot	Sylas	1,79153903	2,355664692	0,420032004	1,642864452	1,791624291	1,563284372	2,187706637	-0,0736699	1,658178605	1,343577247	1,428637325	0,705451129	0,358645349	1,03544254	1,035336596	1,389005122	1,388937147	
Black	Dot	Sejuani	-0,219372126	0,282679763	-0,900068579	1,32156644	-0,219773508	-0,21091932	0,127687158	-0,721965017	0,980620998	-0,134357725	0,414765675	-0,615393538	0,763289909	0,011634186	0,011348098	-0,071358686	-0,071196202	
Black	Dot	Azir	0,584992336	1,023031523	-0,240018288	1,301109263	0,584785611	0,471466715	0,689510652	-0,0736699	0,844784119	0,499042977	1,090680109	-0,285182371	0,845703755	-0,551460409	-0,551683038	-0,180885972	-0,18108874	
Black	Dot	Aatrox	1,389356798	1,763383284	0,420032004	1,286668903	1,389344731	2,518624822	2,749530131	1,222920335	1,13516595	-0,978891994	-0,937063192	-0,615393538	-0,316999695	2,571155071	2,570994267	2,338241598	2,338557057	
Black	Dot	Aphelios	-0,521008799	-0,161531293	-0,900068579	0,83179756	-0,521163909	-0,21091932	0,127687158	-0,721965017	0,980620998	-0,767758427	-0,599105975	-0,615393538	0,020822827	-1,42169751	-1,421585648	-1,203140637	-1,203042979	
Black	Dot	Maokai	-0,822645473	-0,457671997	-1,120085343	0,71988477	-0,822554309	-1,029782563	-0,808685333	-1,046112576	0,076939724	-0,134357725	0,414765675	-0,615393538	0,763289909	-0,29550832	-0,295523376	-0,509467829	-0,509375311	
Black	Dot	Viego	-0,923191031	-0,605742349	-1,120085343	0,502076005	-0,923443469	-0,483873734	-0,621410835	-0,0736699	-0,688464487	-1,190025561	-0,261148758	-1,606027039	1,50575699	-1,063364586	-1,063352212	-1,093613352	-1,093614123	
Black	Dot	Akali	-0,722099915	-0,457671997	-0,900068579	0,439501111	-0,72166515	-0,347396527	-0,621410835	0,250477659	-0,956071273	-0,978891994	0,076808458	-1,606027039	1,708450504	-0,705031662	-0,705118775	-0,765031495	-0,76486387	
Black	Dot	Graves	0,082264547	0,134609411	-0,020001524	0,265013427	0,081616892	-0,483873734	-0,246861838	-0,721965017	0,563349627	0,921310112	0,752722892	0,705451129	0,020822827	0,267586274	0,26750776	0,220714076	0,220923204	
Black	Dot	Lucian	1,087720125	0,874961171	1,080082295	0,137456913	1,087954331	0,471466715	0,127687158	0,898772776	-0,37530761	1,554710814	1,766594542	0,705451129	0,504911364	-0,449079573	-0,448959113	0,074677695	0,074863501	
Black	Dot	Viktor	-1,124282146	-0,901883053	-1,120085343	0,003883582	-1,12394471	-0,347396527	-0,05958734	-0,721965017	0,78703311	-1,823426263	-1,950934842	-0,945604705	-1,570284129	-0,858602915	-0,858554512	-1,020595161	-1,020816112	
Black	Dot	Nami	-0,722099915	-0,605742349	-0,680051815	-0,041844225	-0,72166515	-0,483873734	-0,246861838	-0,721965017	0,563349627	-0,767758427	-0,937063192	-0,285182371	-0,597652252	-0,807412497	-0,807192549	-0,838049685	-0,838125563	
Black	Dot	Leona	1,087720125	0,726890819	1,300099059	-0,142926746	1,087954331	1,426807165	0,689510652	2,195363011	-0,52578559	0,076775843	0,414765675	-0,285182371	0,484864753	0,984252122	0,984624784	1,096932361	1,096817741	
Black	Dot	Kai'Sa	1,590447914	1,023031523	1,96014935	-0,282516893	1,59112305	1,426807165	0,87678515	1,871215452	-0,22482963	1,132443679	0,752722892	1,035662296	-0,155884339	0,728300034	0,728465122	1,096932361	1,096817741	
Black	Dot	Gnar	-0,822645473	-0,753812701	-0,680051815	-0,282516893	-0,822554309	-1,029782563	-0,808685333	-1,046112576	0,076939724	-0,134357725	-0,261148758	0,045028795	-0,226418711	0,011634186	0,011348098	-0,290413257	-0,290517597	
Black	Dot	Kalista	-1,224827704	-1,049953405	-1,120085343	-0,282516893	-1,224833869	-1,16625977	-1,370508827	-0,397817458	-2,408793825	-0,767758427	0,076808458	-1,275815872	1,258515452	-0,244317903	-0,244161413	-0,618995114	-0,618804167	
Black	Dot	Miss Fortune	1,690993472	1,023031523	2,180166114	-0,405259954	1,690735131	0,880898337	0,502236154	1,222920335	-0,198801007	2,188111516	1,428637325	2,026295796	-0,265027	1,444965881	1,444931995	1,644568789	1,644425707	
Black	Dot	Renata Glasc	0,082264547	-0,161531293	0,420032004	-0,465428121	0,081616892	-0,347396527	-0,434136337	-0,0736699	-0,37530761	0,710176545	0,414765675	0,705451129	-0,174446016	1,086632957	1,086698558	0,804859599	0,804698335	
Black	Dot	Fiora	-0,722099915	-1,049953405	-0,020001524	-1,485880235	-0,72166515	-1,029782563	-0,808685333	-1,046112576	0,076939724	0,076775843	-0,937063192	1,035662296	-1,371302952	0,728300034	0,728465122	0,257223171	0,257090369	
Black	Dot	Varus	-0,722099915	-1,049953405	-0,020001524	-1,485880235	-0,72166515	-1,029782563	-0,808685333	-1,046112576	0,076939724	0,076775843	-0,937063192	1,035662296	-1,371302952	-0,96098375	-0,961278437	-0,947576971	-0,94755442	
Black	Dot	Lee Sin	-0,319917684	-0,901883053	0,640048767	-1,734976446	-0,320662668	-0,347396527	-0,246861838	-0,397817458	0,205456053	-0,134357725	-1,612977625	1,365873463	-2,206578419	-0,449079573	-0,448959113	-0,436449638	-0,4365773	
Black	Dot	Ornn	-0,521008799	-1,049953405	0,420032004	-1,842075783	-0,521163909	-0,21091932	-0,995959831	1,222920335	-2,272956946	-0,767758427	-0,599105975	-0,615393538	0,020822827	-1,063364586	-1,063352212	-0,947576971	-0,94755442	
